		M	Q	Y	K	L	I	L	N	G	K	T	L	K	G	E	T	T	T	E	A	V	D	A	A	T	A	E	K	V	F	K	Q	Y	F	N	D	N	G	V	D	G	E	W	T	Y	D	D	A	T	K	T	F	T	V	T	E
		1	2	3	4	5	6	7	8	9	10	11	12	13	14	15	16	17	18	19	20	21	22	23	24	25	26	27	28	29	30	31	32	33	34	35	36	37	38	39	40	41	42	43	44	45	46	47	48	49	50	51	52	53	54	55	56
M	 1	0.800	0.000	0.000	0.000	0.000	0.000	0.000	0.000	0.000	0.000	0.000	0.000	0.000	0.000	0.000	0.000	0.000	0.000	0.000	0.000	0.000	0.000	0.000	0.000	0.000	0.000	0.000	0.000	0.000	0.000	0.000	0.000	0.000	0.000	0.000	0.000	0.000	0.000	0.000	0.000	0.000	0.000	0.000	0.000	0.000	0.000	0.000	0.000	0.000	0.000	0.000	0.000	0.000	0.000	0.000	0.000
Q	 2	0.000	0.000	0.062	0.062	0.062	0.062	0.067	0.067	0.062	0.062	0.062	0.062	0.062	0.062	0.062	0.062	0.062	0.062	0.062	0.062	0.062	0.062	0.062	0.062	0.062	0.062	0.062	0.062	0.062	0.062	0.062	0.062	0.062	0.062	0.062	0.062	0.062	0.062	0.062	0.062	0.062	0.062	0.062	0.062	0.062	0.062	0.062	0.062	0.062	0.062	0.062	0.062	0.062	0.062	0.062	0.067
Y	 3	0.000	0.062	0.959	0.187	0.195	0.327	0.044	0.044	0.168	0.189	0.146	0.104	0.278	0.080	0.110	0.067	0.206	0.094	0.067	0.474	0.087	0.094	0.162	0.071	0.071	0.044	0.316	0.140	0.050	0.044	0.084	0.320	0.101	0.044	0.212	0.056	0.315	0.101	0.104	0.091	0.107	0.170	0.050	0.283	0.562	0.056	0.097	0.168	0.290	0.210	0.050	0.044	0.056	0.168	0.168	0.050
K	 4	0.000	0.062	0.187	0.611	0.382	0.217	0.289	0.121	0.190	0.217	0.341	0.138	0.481	0.128	0.526	0.219	0.286	0.289	0.187	0.302	0.428	0.455	0.261	0.315	0.333	0.036	0.036	0.219	0.175	0.146	0.263	0.377	0.428	0.036	0.288	0.182	0.094	0.198	0.400	0.036	0.524	0.062	0.094	0.301	0.256	0.091	0.425	0.339	0.080	0.036	0.094	0.036	0.133	0.339	0.479	0.115
L	 5	0.000	0.062	0.195	0.382	0.759	0.067	0.159	0.071	0.473	0.216	0.473	0.366	0.229	0.179	0.377	0.240	0.195	0.330	0.225	0.036	0.314	0.330	0.246	0.252	0.260	0.036	0.194	0.212	0.112	0.094	0.264	0.175	0.495	0.036	0.225	0.192	0.071	0.382	0.359	0.091	0.375	0.231	0.146	0.062	0.091	0.036	0.344	0.472	0.395	0.101	0.146	0.036	0.212	0.519	0.472	0.044
I	 6	0.000	0.062	0.327	0.217	0.067	0.278	0.416	0.144	0.056	0.044	0.144	0.056	0.310	0.044	0.097	0.087	0.097	0.148	0.246	0.436	0.150	0.148	0.084	0.104	0.133	0.036	0.128	0.223	0.189	0.204	0.131	0.212	0.131	0.036	0.184	0.044	0.213	0.084	0.118	0.133	0.101	0.112	0.067	0.436	0.353	0.168	0.135	0.056	0.062	0.148	0.067	0.036	0.094	0.146	0.056	0.084
L	 7	0.000	0.067	0.044	0.289	0.159	0.416	0.151	0.184	0.056	0.142	0.044	0.050	0.423	0.256	0.302	0.314	0.189	0.067	0.508	0.551	0.368	0.349	0.185	0.314	0.303	0.036	0.091	0.172	0.377	0.408	0.332	0.140	0.080	0.036	0.148	0.194	0.283	0.138	0.321	0.168	0.306	0.087	0.044	0.365	0.408	0.403	0.336	0.056	0.067	0.036	0.044	0.036	0.056	0.206	0.206	0.056
N	 8	0.000	0.067	0.044	0.121	0.071	0.144	0.184	0.566	0.261	0.166	0.189	0.036	0.189	0.210	0.050	0.269	0.056	0.131	0.101	0.155	0.101	0.071	0.162	0.087	0.123	0.036	0.374	0.062	0.126	0.107	0.210	0.076	0.144	0.036	0.150	0.107	0.172	0.104	0.036	0.087	0.050	0.292	0.138	0.261	0.107	0.214	0.206	0.267	0.071	0.071	0.148	0.036	0.200	0.112	0.067	0.036
G	 9	0.000	0.062	0.168	0.190	0.473	0.056	0.056	0.261	0.722	0.200	0.580	0.454	0.135	0.067	0.395	0.071	0.140	0.412	0.133	0.207	0.298	0.324	0.091	0.287	0.301	0.036	0.263	0.080	0.142	0.084	0.036	0.247	0.495	0.036	0.080	0.245	0.044	0.427	0.369	0.189	0.392	0.087	0.168	0.056	0.140	0.164	0.345	0.579	0.314	0.135	0.115	0.036	0.056	0.579	0.458	0.050
K	10	0.000	0.062	0.189	0.217	0.216	0.044	0.142	0.166	0.200	0.611	0.200	0.097	0.036	0.062	0.107	0.080	0.282	0.190	0.206	0.044	0.050	0.036	0.062	0.131	0.071	0.036	0.115	0.097	0.101	0.087	0.142	0.101	0.328	0.036	0.056	0.071	0.036	0.442	0.104	0.036	0.112	0.097	0.160	0.091	0.107	0.173	0.138	0.349	0.084	0.268	0.121	0.036	0.050	0.062	0.204	0.258
T	11	0.000	0.062	0.146	0.341	0.473	0.144	0.044	0.189	0.580	0.200	0.704	0.454	0.309	0.142	0.395	0.071	0.140	0.412	0.133	0.062	0.298	0.324	0.091	0.287	0.301	0.036	0.101	0.225	0.142	0.084	0.036	0.357	0.495	0.036	0.080	0.245	0.044	0.427	0.369	0.044	0.392	0.087	0.115	0.056	0.115	0.164	0.345	0.458	0.233	0.135	0.115	0.036	0.164	0.579	0.321	0.157
L	12	0.000	0.062	0.104	0.138	0.366	0.056	0.050	0.036	0.454	0.097	0.454	0.473	0.283	0.044	0.206	0.056	0.153	0.269	0.240	0.140	0.101	0.080	0.036	0.056	0.177	0.036	0.126	0.275	0.223	0.056	0.062	0.140	0.344	0.036	0.087	0.225	0.056	0.267	0.219	0.071	0.200	0.157	0.076	0.044	0.091	0.107	0.419	0.374	0.207	0.179	0.076	0.036	0.107	0.449	0.214	0.115
K	13	0.000	0.062	0.278	0.481	0.229	0.310	0.423	0.189	0.135	0.036	0.309	0.283	0.436	0.044	0.459	0.087	0.097	0.144	0.305	0.419	0.368	0.343	0.283	0.140	0.354	0.036	0.084	0.310	0.261	0.204	0.322	0.415	0.299	0.036	0.209	0.291	0.219	0.131	0.296	0.123	0.456	0.107	0.067	0.468	0.358	0.173	0.497	0.135	0.067	0.050	0.067	0.036	0.091	0.309	0.309	0.084
G	14	0.000	0.062	0.080	0.128	0.179	0.044	0.256	0.210	0.067	0.062	0.142	0.044	0.044	0.855	0.050	0.563	0.468	0.146	0.135	0.197	0.044	0.036	0.168	0.050	0.056	0.036	0.185	0.225	0.056	0.233	0.036	0.126	0.252	0.036	0.050	0.084	0.474	0.091	0.036	0.369	0.044	0.197	0.328	0.198	0.087	0.204	0.221	0.067	0.126	0.401	0.062	0.036	0.204	0.067	0.360	0.459
E	15	0.000	0.062	0.110	0.526	0.377	0.097	0.302	0.050	0.395	0.107	0.395	0.206	0.459	0.050	0.618	0.050	0.140	0.478	0.247	0.142	0.549	0.572	0.468	0.457	0.470	0.036	0.233	0.187	0.219	0.172	0.342	0.385	0.363	0.036	0.366	0.362	0.067	0.133	0.530	0.184	0.573	0.036	0.080	0.210	0.044	0.128	0.503	0.395	0.204	0.283	0.080	0.036	0.110	0.466	0.466	0.118
T	16	0.000	0.062	0.067	0.219	0.240	0.087	0.314	0.269	0.071	0.080	0.071	0.056	0.087	0.563	0.050	0.891	0.398	0.121	0.192	0.253	0.094	0.080	0.091	0.036	0.036	0.036	0.272	0.140	0.050	0.282	0.067	0.104	0.189	0.036	0.087	0.071	0.348	0.036	0.062	0.260	0.050	0.115	0.050	0.056	0.126	0.262	0.306	0.071	0.080	0.316	0.050	0.036	0.067	0.160	0.303	0.259
T	17	0.000	0.062	0.206	0.286	0.195	0.097	0.189	0.056	0.140	0.282	0.140	0.153	0.097	0.468	0.140	0.398	0.745	0.036	0.044	0.354	0.232	0.206	0.080	0.245	0.036	0.036	0.200	0.260	0.080	0.159	0.135	0.087	0.395	0.036	0.036	0.036	0.480	0.229	0.107	0.295	0.144	0.273	0.223	0.216	0.274	0.107	0.071	0.140	0.056	0.350	0.087	0.036	0.107	0.140	0.442	0.359
T	18	0.000	0.062	0.094	0.289	0.330	0.148	0.067	0.131	0.412	0.190	0.412	0.269	0.144	0.146	0.478	0.121	0.036	0.600	0.050	0.126	0.507	0.541	0.252	0.468	0.487	0.036	0.201	0.121	0.253	0.056	0.220	0.442	0.314	0.036	0.144	0.414	0.159	0.256	0.440	0.144	0.474	0.104	0.067	0.084	0.084	0.094	0.213	0.412	0.187	0.148	0.067	0.036	0.094	0.412	0.324	0.101
E	19	0.000	0.062	0.067	0.187	0.225	0.246	0.508	0.101	0.133	0.206	0.133	0.240	0.305	0.135	0.247	0.192	0.044	0.050	0.236	0.265	0.314	0.294	0.118	0.262	0.251	0.036	0.135	0.220	0.371	0.293	0.277	0.087	0.175	0.036	0.071	0.198	0.112	0.036	0.439	0.050	0.251	0.097	0.050	0.260	0.133	0.274	0.282	0.142	0.071	0.121	0.050	0.036	0.067	0.293	0.142	0.071
A	20	0.000	0.062	0.474	0.302	0.036	0.436	0.551	0.155	0.207	0.044	0.062	0.140	0.419	0.197	0.142	0.253	0.354	0.126	0.265	0.909	0.194	0.177	0.050	0.067	0.087	0.036	0.118	0.184	0.044	0.348	0.164	0.223	0.118	0.036	0.036	0.062	0.454	0.080	0.157	0.110	0.144	0.207	0.044	0.369	0.576	0.337	0.168	0.207	0.272	0.200	0.044	0.036	0.056	0.062	0.062	0.050
V	21	0.000	0.062	0.087	0.428	0.314	0.150	0.368	0.101	0.298	0.050	0.298	0.101	0.368	0.044	0.549	0.094	0.232	0.507	0.314	0.194	0.527	0.615	0.363	0.518	0.535	0.036	0.190	0.094	0.267	0.210	0.367	0.395	0.291	0.036	0.355	0.436	0.036	0.107	0.570	0.087	0.548	0.123	0.067	0.300	0.071	0.179	0.362	0.298	0.150	0.219	0.067	0.036	0.091	0.392	0.392	0.097
D	22	0.000	0.062	0.094	0.455	0.330	0.148	0.349	0.071	0.324	0.036	0.324	0.080	0.343	0.036	0.572	0.080	0.206	0.541	0.294	0.177	0.615	0.600	0.414	0.518	0.532	0.036	0.201	0.121	0.253	0.198	0.407	0.442	0.311	0.036	0.314	0.414	0.036	0.080	0.597	0.067	0.572	0.087	0.067	0.274	0.062	0.164	0.403	0.324	0.166	0.237	0.067	0.036	0.094	0.412	0.412	0.101
A	23	0.000	0.062	0.162	0.261	0.246	0.084	0.185	0.162	0.091	0.062	0.091	0.036	0.283	0.168	0.468	0.091	0.080	0.252	0.118	0.050	0.363	0.414	0.636	0.310	0.323	0.036	0.366	0.274	0.138	0.110	0.432	0.173	0.036	0.036	0.580	0.228	0.201	0.115	0.297	0.044	0.467	0.142	0.126	0.036	0.067	0.044	0.273	0.091	0.036	0.447	0.126	0.036	0.180	0.237	0.237	0.198
A	24	0.000	0.062	0.071	0.315	0.252	0.104	0.314	0.087	0.287	0.131	0.287	0.056	0.140	0.050	0.457	0.036	0.245	0.468	0.262	0.067	0.518	0.518	0.310	0.345	0.467	0.036	0.150	0.044	0.334	0.044	0.198	0.312	0.240	0.036	0.238	0.381	0.067	0.094	0.468	0.050	0.461	0.050	0.056	0.101	0.062	0.071	0.201	0.294	0.142	0.187	0.056	0.036	0.071	0.323	0.323	0.080
T	25	0.000	0.062	0.071	0.333	0.260	0.133	0.303	0.123	0.301	0.071	0.301	0.177	0.354	0.056	0.470	0.036	0.036	0.487	0.251	0.087	0.535	0.532	0.323	0.467	0.527	0.036	0.157	0.197	0.323	0.044	0.434	0.554	0.247	0.036	0.227	0.520	0.071	0.084	0.477	0.062	0.468	0.071	0.056	0.292	0.067	0.071	0.430	0.301	0.144	0.190	0.056	0.036	0.076	0.329	0.329	0.080
A	26	0.000	0.062	0.044	0.036	0.036	0.036	0.036	0.036	0.036	0.036	0.036	0.036	0.036	0.036	0.036	0.036	0.036	0.036	0.036	0.036	0.036	0.036	0.036	0.036	0.036	0.982	0.036	0.036	0.036	0.036	0.036	0.036	0.036	0.036	0.036	0.036	0.036	0.036	0.036	0.036	0.036	0.036	0.036	0.036	0.036	0.036	0.036	0.036	0.036	0.036	0.036	0.036	0.036	0.036	0.036	0.036
E	27	0.000	0.062	0.316	0.036	0.194	0.128	0.091	0.374	0.263	0.115	0.101	0.126	0.084	0.185	0.233	0.272	0.200	0.201	0.135	0.118	0.190	0.201	0.366	0.150	0.157	0.036	0.836	0.365	0.071	0.062	0.212	0.050	0.062	0.036	0.374	0.115	0.247	0.044	0.221	0.135	0.232	0.254	0.080	0.076	0.189	0.128	0.107	0.263	0.087	0.153	0.243	0.036	0.112	0.263	0.101	0.157
K	28	0.000	0.062	0.140	0.219	0.212	0.223	0.172	0.062	0.080	0.097	0.225	0.275	0.310	0.225	0.187	0.140	0.260	0.121	0.220	0.184	0.094	0.121	0.274	0.044	0.197	0.036	0.365	0.691	0.112	0.091	0.254	0.229	0.104	0.036	0.104	0.087	0.087	0.104	0.217	0.214	0.184	0.256	0.153	0.115	0.155	0.044	0.251	0.080	0.264	0.084	0.153	0.036	0.220	0.225	0.091	0.214
V	29	0.000	0.062	0.050	0.175	0.112	0.189	0.377	0.126	0.142	0.101	0.142	0.223	0.261	0.056	0.219	0.050	0.080	0.253	0.371	0.044	0.267	0.253	0.138	0.334	0.323	0.036	0.071	0.112	0.164	0.036	0.241	0.296	0.110	0.036	0.110	0.435	0.062	0.087	0.232	0.076	0.221	0.126	0.036	0.228	0.044	0.044	0.243	0.150	0.067	0.087	0.036	0.036	0.044	0.150	0.150	0.044
F	30	0.000	0.062	0.044	0.146	0.094	0.204	0.408	0.107	0.084	0.087	0.084	0.056	0.204	0.233	0.172	0.282	0.159	0.056	0.293	0.348	0.210	0.198	0.110	0.044	0.044	0.036	0.062	0.091	0.036	0.964	0.189	0.050	0.112	0.036	0.087	0.044	0.214	0.144	0.182	0.166	0.173	0.101	0.036	0.179	0.415	0.356	0.190	0.084	0.185	0.142	0.036	0.036	0.044	0.118	0.118	0.044
K	31	0.000	0.062	0.084	0.263	0.264	0.131	0.332	0.210	0.036	0.142	0.036	0.062	0.322	0.036	0.342	0.067	0.135	0.220	0.277	0.164	0.367	0.407	0.432	0.198	0.434	0.036	0.212	0.254	0.241	0.189	0.545	0.291	0.036	0.036	0.331	0.265	0.044	0.101	0.358	0.101	0.337	0.062	0.071	0.252	0.056	0.153	0.379	0.036	0.179	0.253	0.071	0.036	0.101	0.184	0.184	0.107
Q	32	0.000	0.062	0.320	0.377	0.175	0.212	0.140	0.076	0.247	0.101	0.357	0.140	0.415	0.126	0.385	0.104	0.087	0.442	0.087	0.223	0.395	0.442	0.173	0.312	0.554	0.036	0.050	0.229	0.296	0.050	0.291	0.527	0.270	0.036	0.071	0.480	0.050	0.209	0.333	0.097	0.380	0.036	0.062	0.351	0.269	0.080	0.284	0.247	0.036	0.091	0.062	0.036	0.080	0.247	0.247	0.071
Y	33	0.000	0.062	0.101	0.428	0.495	0.131	0.080	0.144	0.495	0.328	0.495	0.344	0.299	0.252	0.363	0.189	0.395	0.314	0.175	0.118	0.291	0.311	0.036	0.240	0.247	0.036	0.062	0.104	0.110	0.112	0.036	0.270	0.782	0.036	0.056	0.184	0.195	0.475	0.344	0.144	0.361	0.056	0.123	0.190	0.067	0.157	0.326	0.495	0.340	0.299	0.157	0.036	0.044	0.511	0.511	0.194
F	34	0.000	0.062	0.044	0.036	0.036	0.036	0.036	0.036	0.036	0.036	0.036	0.036	0.036	0.036	0.036	0.036	0.036	0.036	0.036	0.036	0.036	0.036	0.036	0.036	0.036	0.036	0.036	0.036	0.036	0.036	0.036	0.036	0.036	0.000	0.036	0.036	0.036	0.036	0.036	0.036	0.036	0.036	0.036	0.036	0.036	0.036	0.036	0.036	0.036	0.036	0.036	0.036	0.036	0.036	0.036	0.036
N	35	0.000	0.062	0.212	0.288	0.225	0.184	0.148	0.150	0.080	0.056	0.080	0.087	0.209	0.050	0.366	0.087	0.036	0.144	0.071	0.036	0.355	0.314	0.580	0.238	0.227	0.036	0.374	0.104	0.110	0.087	0.331	0.071	0.056	0.036	0.630	0.182	0.271	0.157	0.189	0.118	0.366	0.272	0.157	0.080	0.104	0.044	0.166	0.097	0.097	0.401	0.157	0.036	0.044	0.097	0.243	0.056
D	36	0.000	0.062	0.056	0.182	0.192	0.044	0.194	0.107	0.245	0.071	0.245	0.225	0.291	0.084	0.362	0.071	0.036	0.414	0.198	0.062	0.436	0.414	0.228	0.381	0.520	0.036	0.115	0.087	0.435	0.044	0.265	0.480	0.184	0.036	0.182	0.333	0.091	0.140	0.339	0.036	0.362	0.112	0.044	0.246	0.050	0.056	0.265	0.249	0.107	0.142	0.044	0.036	0.056	0.249	0.249	0.062
N	37	0.000	0.062	0.315	0.094	0.071	0.213	0.283	0.172	0.044	0.036	0.044	0.056	0.219	0.474	0.067	0.348	0.480	0.159	0.112	0.454	0.036	0.036	0.201	0.067	0.071	0.036	0.247	0.087	0.062	0.214	0.044	0.050	0.195	0.036	0.271	0.091	0.833	0.036	0.056	0.328	0.067	0.320	0.302	0.357	0.371	0.182	0.187	0.175	0.076	0.355	0.062	0.036	0.182	0.036	0.203	0.227
G	38	0.000	0.062	0.101	0.198	0.382	0.084	0.138	0.104	0.427	0.442	0.427	0.267	0.131	0.091	0.133	0.036	0.229	0.256	0.036	0.080	0.107	0.080	0.115	0.094	0.084	0.036	0.044	0.104	0.087	0.144	0.101	0.209	0.475	0.036	0.157	0.140	0.036	0.741	0.115	0.062	0.133	0.044	0.094	0.036	0.036	0.087	0.097	0.427	0.110	0.346	0.094	0.036	0.087	0.284	0.284	0.146
V	39	0.000	0.062	0.104	0.400	0.359	0.118	0.321	0.036	0.369	0.104	0.369	0.219	0.296	0.036	0.530	0.062	0.107	0.440	0.439	0.157	0.570	0.597	0.297	0.468	0.477	0.036	0.221	0.217	0.232	0.182	0.358	0.333	0.344	0.036	0.189	0.339	0.056	0.115	0.611	0.062	0.530	0.044	0.076	0.231	0.050	0.140	0.358	0.372	0.192	0.097	0.076	0.036	0.104	0.448	0.372	0.112
D	40	0.000	0.062	0.091	0.036	0.091	0.133	0.168	0.087	0.189	0.036	0.044	0.071	0.123	0.369	0.184	0.260	0.295	0.144	0.050	0.110	0.087	0.067	0.044	0.050	0.062	0.036	0.135	0.214	0.076	0.166	0.101	0.097	0.144	0.036	0.118	0.036	0.328	0.062	0.062	0.759	0.184	0.231	0.235	0.240	0.044	0.118	0.287	0.036	0.217	0.056	0.080	0.036	0.118	0.185	0.342	0.112
G	41	0.000	0.062	0.107	0.524	0.375	0.101	0.306	0.050	0.392	0.112	0.392	0.200	0.456	0.044	0.573	0.050	0.144	0.474	0.251	0.144	0.548	0.572	0.467	0.461	0.468	0.036	0.232	0.184	0.221	0.173	0.337	0.380	0.361	0.036	0.366	0.362	0.067	0.133	0.530	0.184	0.611	0.036	0.080	0.210	0.044	0.128	0.503	0.395	0.204	0.283	0.080	0.036	0.110	0.466	0.466	0.118
E	42	0.000	0.062	0.170	0.062	0.231	0.112	0.087	0.292	0.087	0.097	0.087	0.157	0.107	0.197	0.036	0.115	0.273	0.104	0.097	0.207	0.123	0.087	0.142	0.050	0.071	0.036	0.254	0.256	0.126	0.101	0.062	0.036	0.056	0.036	0.272	0.112	0.320	0.044	0.044	0.231	0.036	0.519	0.140	0.343	0.172	0.201	0.062	0.236	0.138	0.128	0.140	0.036	0.036	0.091	0.080	0.044
W	43	0.000	0.062	0.050	0.094	0.146	0.067	0.044	0.138	0.168	0.160	0.115	0.076	0.067	0.328	0.080	0.050	0.223	0.067	0.050	0.044	0.067	0.067	0.126	0.056	0.056	0.036	0.080	0.153	0.036	0.036	0.071	0.062	0.123	0.036	0.157	0.044	0.302	0.094	0.076	0.235	0.080	0.140	0.944	0.253	0.044	0.044	0.071	0.166	0.076	0.200	0.044	0.036	0.492	0.115	0.166	0.490
T	44	0.000	0.062	0.283	0.301	0.062	0.436	0.365	0.261	0.056	0.091	0.056	0.044	0.468	0.198	0.210	0.056	0.216	0.084	0.260	0.369	0.300	0.274	0.036	0.101	0.292	0.036	0.076	0.115	0.228	0.179	0.252	0.351	0.190	0.036	0.080	0.246	0.357	0.036	0.231	0.240	0.210	0.343	0.253	0.463	0.311	0.135	0.252	0.062	0.036	0.087	0.076	0.036	0.135	0.062	0.221	0.168
Y	45	0.000	0.062	0.562	0.256	0.091	0.353	0.408	0.107	0.140	0.107	0.115	0.091	0.358	0.087	0.044	0.126	0.274	0.084	0.133	0.576	0.071	0.062	0.067	0.062	0.067	0.036	0.189	0.155	0.044	0.415	0.056	0.269	0.067	0.036	0.104	0.050	0.371	0.036	0.050	0.044	0.044	0.172	0.044	0.311	0.944	0.182	0.056	0.142	0.321	0.246	0.044	0.036	0.050	0.056	0.056	0.044
D	46	0.000	0.062	0.056	0.091	0.036	0.168	0.403	0.214	0.164	0.173	0.164	0.107	0.173	0.204	0.128	0.262	0.107	0.094	0.274	0.337	0.179	0.164	0.044	0.071	0.071	0.036	0.128	0.044	0.044	0.356	0.153	0.080	0.157	0.036	0.044	0.056	0.182	0.087	0.140	0.118	0.128	0.201	0.044	0.135	0.182	0.926	0.153	0.166	0.284	0.067	0.492	0.036	0.056	0.050	0.050	0.062
D	47	0.000	0.062	0.097	0.425	0.344	0.135	0.336	0.206	0.345	0.138	0.345	0.419	0.497	0.221	0.503	0.306	0.071	0.213	0.282	0.168	0.362	0.403	0.273	0.201	0.430	0.036	0.107	0.251	0.243	0.190	0.379	0.284	0.326	0.036	0.166	0.265	0.187	0.097	0.358	0.287	0.503	0.062	0.071	0.252	0.056	0.153	0.556	0.184	0.179	0.080	0.071	0.036	0.101	0.430	0.430	0.107
A	48	0.000	0.062	0.168	0.339	0.472	0.056	0.056	0.267	0.579	0.349	0.458	0.374	0.135	0.067	0.395	0.071	0.140	0.412	0.142	0.207	0.298	0.324	0.091	0.294	0.301	0.036	0.263	0.080	0.150	0.084	0.036	0.247	0.495	0.036	0.097	0.249	0.175	0.427	0.372	0.036	0.395	0.236	0.166	0.062	0.142	0.166	0.184	0.704	0.315	0.133	0.115	0.036	0.050	0.459	0.459	0.235
T	49	0.000	0.062	0.290	0.080	0.395	0.062	0.067	0.071	0.314	0.084	0.233	0.207	0.067	0.126	0.204	0.080	0.056	0.187	0.071	0.272	0.150	0.166	0.036	0.142	0.144	0.036	0.087	0.264	0.067	0.185	0.179	0.036	0.340	0.036	0.097	0.107	0.076	0.110	0.192	0.217	0.204	0.138	0.076	0.036	0.321	0.284	0.179	0.315	0.870	0.101	0.261	0.036	0.104	0.316	0.316	0.094
K	50	0.000	0.062	0.210	0.036	0.101	0.148	0.036	0.071	0.135	0.268	0.135	0.179	0.050	0.401	0.283	0.316	0.350	0.148	0.121	0.200	0.219	0.237	0.447	0.187	0.190	0.036	0.153	0.084	0.087	0.142	0.253	0.091	0.299	0.036	0.401	0.142	0.355	0.346	0.097	0.056	0.283	0.128	0.200	0.087	0.246	0.067	0.080	0.133	0.101	0.759	0.094	0.036	0.084	0.062	0.062	0.321
T	51	0.000	0.062	0.050	0.094	0.146	0.067	0.044	0.148	0.115	0.121	0.115	0.076	0.067	0.062	0.080	0.050	0.087	0.067	0.050	0.044	0.067	0.067	0.126	0.056	0.056	0.036	0.243	0.153	0.036	0.036	0.071	0.062	0.157	0.036	0.157	0.044	0.062	0.094	0.076	0.080	0.080	0.140	0.044	0.076	0.044	0.492	0.071	0.115	0.261	0.094	0.963	0.036	0.044	0.115	0.115	0.050
F	52	0.000	0.062	0.044	0.036	0.036	0.036	0.036	0.036	0.036	0.036	0.036	0.036	0.036	0.036	0.036	0.036	0.036	0.036	0.036	0.036	0.036	0.036	0.036	0.036	0.036	0.036	0.036	0.036	0.036	0.036	0.036	0.036	0.036	0.036	0.036	0.036	0.036	0.036	0.036	0.036	0.036	0.036	0.036	0.036	0.036	0.036	0.036	0.036	0.036	0.036	0.036	0.981	0.036	0.036	0.036	0.036
T	53	0.000	0.062	0.056	0.133	0.212	0.094	0.056	0.200	0.056	0.050	0.164	0.107	0.091	0.204	0.110	0.067	0.107	0.094	0.067	0.056	0.091	0.094	0.180	0.071	0.076	0.036	0.112	0.220	0.044	0.044	0.101	0.080	0.044	0.036	0.044	0.056	0.182	0.087	0.104	0.118	0.110	0.036	0.492	0.135	0.050	0.056	0.101	0.050	0.104	0.084	0.044	0.036	0.926	0.166	0.050	0.345
V	54	0.000	0.062	0.168	0.339	0.519	0.146	0.206	0.112	0.579	0.062	0.579	0.449	0.309	0.067	0.466	0.160	0.140	0.412	0.293	0.062	0.392	0.412	0.237	0.323	0.329	0.036	0.263	0.225	0.150	0.118	0.184	0.247	0.511	0.036	0.097	0.249	0.036	0.284	0.448	0.185	0.466	0.091	0.115	0.062	0.056	0.050	0.430	0.459	0.316	0.062	0.115	0.036	0.166	0.722	0.459	0.180
T	55	0.000	0.062	0.168	0.479	0.472	0.056	0.206	0.067	0.458	0.204	0.321	0.214	0.309	0.360	0.466	0.303	0.442	0.324	0.142	0.062	0.392	0.412	0.237	0.323	0.329	0.036	0.101	0.091	0.150	0.118	0.184	0.247	0.511	0.036	0.243	0.249	0.203	0.284	0.372	0.342	0.466	0.080	0.166	0.221	0.056	0.050	0.430	0.459	0.316	0.062	0.115	0.036	0.050	0.459	0.704	0.235
E	56	0.000	0.067	0.050	0.115	0.044	0.084	0.056	0.036	0.050	0.258	0.157	0.115	0.084	0.459	0.118	0.259	0.359	0.101	0.071	0.050	0.097	0.101	0.198	0.080	0.080	0.036	0.157	0.214	0.044	0.044	0.107	0.071	0.194	0.036	0.056	0.062	0.227	0.146	0.112	0.112	0.118	0.044	0.490	0.168	0.044	0.062	0.107	0.235	0.094	0.321	0.050	0.036	0.345	0.180	0.235	0.925
